Strom
	0	0	0.0001	0
	0	100	0.0002	0.000113636
	0	93.3334	0.0003	0.000219697
	0	86.6668	0.0004	0.000318182
	0	80.0002	0.0005	0.000409091
	0	73.3336	0.0006	0.000492425
	0	66.667	0.0007	0.000568183
	0	60.0004	0.0008	0.000636365
	0	53.3338	0.0009	0.000696972
	0	46.6672	0.001	0.000750003
	0	40.0006	0.0011	0.000795458
	1	33.334	0.0012	0.000833338
	1	40	0.0013	0.000878792
	1	46.6666	0.0014	0.000931822
	1	53.3332	0.0015	0.000992428
	1	59.9998	0.0016	0.00106061
	1	66.6664	0.0017	0.00113637
	1	73.333	0.0018	0.0012197
	1	79.9996	0.0019	0.00131061
	1	86.6662	0.002	0.00140909
	1	93.3328	0.0021	0.00151515
	1	99.9994	0.0022	0.00162879
	0	106.666	0.0023	0.00175
	0	100	0.0024	0.00186364
	0	93.3334	0.0025	0.0019697
	0	86.6668	0.0026	0.00206818
	0	80.0002	0.0027	0.00215909
	0	73.3336	0.0028	0.00224242
	0	66.667	0.0029	0.00231818
	0	60.0004	0.003	0.00238637
	0	53.3338	0.0031	0.00244697
	0	46.6672	0.0032	0.0025
	0	40.0006	0.0033	0.00254546
	1	33.334	0.0034	0.00258334
	1	40	0.0035	0.00262879
	1	46.6666	0.0036	0.00268182
	1	53.3332	0.0037	0.00274243
	1	59.9998	0.0038	0.00281061
	1	66.6664	0.0039	0.00288637
	1	73.333	0.004	0.0029697
	1	79.9996	0.0041	0.00306061
	1	86.6662	0.0042	0.00315909
	1	93.3328	0.0043	0.00326515
	1	99.9994	0.0044	0.00337879
	0	106.666	0.0045	0.0035
	0	100	0.0046	0.00361364
	0	93.3334	0.0047	0.0037197
	0	86.6668	0.0048	0.00381818
	0	80.0002	0.0049	0.00390909
	0	73.3336	0.005	0.00399243
	0	66.667	0.0051	0.00406818
	0	60.0004	0.0052	0.00413637
	0	53.3338	0.0053	0.00419697
	0	46.6672	0.0054	0.00425
	0	40.0006	0.0055	0.00429546
	1	33.334	0.0056	0.00433334
	1	40	0.0057	0.00437879
	1	46.6666	0.0058	0.00443182
	1	53.3332	0.0059	0.00449243
	1	59.9998	0.006	0.00456061
	1	66.6664	0.0061	0.00463637
	1	73.333	0.0062	0.0047197
	1	79.9996	0.0063	0.00481061
	1	86.6662	0.0064	0.00490909
	1	93.3328	0.0065	0.00501515
	1	99.9994	0.0066	0.00512879
	0	106.666	0.0067	0.00525
	0	100	0.0068	0.00536364
	0	93.3334	0.0069	0.0054697
	0	86.6668	0.007	0.00556818
	0	80.0002	0.0071	0.00565909
	0	73.3336	0.0072	0.00574243
	0	66.667	0.0073	0.00581818
	0	60.0004	0.00739999	0.00588637
	0	53.3338	0.00749999	0.00594697
	0	46.6672	0.00759999	0.006
	0	40.0006	0.00769999	0.00604546
	1	33.334	0.00779999	0.00608334
	1	40	0.00789999	0.00612879
	1	46.6666	0.00799999	0.00618182
	1	53.3332	0.00809999	0.00624243
	1	59.9998	0.00819999	0.00631061
	1	66.6664	0.00829999	0.00638637
	1	73.333	0.00839999	0.0064697
	1	79.9996	0.00849999	0.00656061
	1	86.6662	0.00859999	0.00665909
	1	93.3328	0.00869999	0.00676515
	1	99.9994	0.00879999	0.00687879
	0	106.666	0.00889999	0.007
	0	100	0.00899999	0.00711364
	0	93.3334	0.00909999	0.0072197
	0	86.6668	0.00919999	0.00731818
	0	80.0002	0.00929999	0.00740909
	0	73.3336	0.00939999	0.00749242
	0	66.667	0.00949999	0.00756818
	0	60.0004	0.00959999	0.00763637
	0	53.3338	0.00969999	0.00769697
	0	46.6672	0.00979999	0.00775
	0	40.0006	0.00989999	0.00779546
	1	33.334	0.00999999	0.00783334
	1	40	0.0101	0.00787879
	1	46.6666	0.0102	0.00793182
	1	53.3332	0.0103	0.00799243
	1	59.9998	0.0104	0.00806061
	1	66.6664	0.0105	0.00813637
	1	73.333	0.0106	0.0082197
	1	79.9996	0.0107	0.00831061
	1	86.6662	0.0108	0.00840909
	1	93.3328	0.0109	0.00851515
	1	99.9994	0.011	0.00862879
	0	106.666	0.0111	0.00875
	0	100	0.0112	0.00886364
	0	93.3334	0.0113	0.0089697
	0	86.6668	0.0114	0.00906818
	0	80.0002	0.0115	0.00915909
	0	73.3336	0.0116	0.00924242
	0	66.667	0.0117	0.00931818
	0	60.0004	0.0118	0.00938637
	0	53.3338	0.0119	0.00944697
	0	46.6672	0.012	0.0095
	0	40.0006	0.0121	0.00954546
	1	33.334	0.0122	0.00958334
	1	40	0.0123	0.00962879
	1	46.6666	0.0124	0.00968182
	1	53.3332	0.0125	0.00974243
	1	59.9998	0.0126	0.00981061
	1	66.6664	0.0127	0.00988637
	1	73.333	0.0128	0.0099697
	1	79.9996	0.0129	0.0100606
	1	86.6662	0.013	0.0101591
	1	93.3328	0.0131	0.0102652
	1	99.9994	0.0132	0.0103788
	0	106.666	0.0133	0.0105
	0	100	0.0134	0.0106136
	0	93.3334	0.0135	0.0107197
	0	86.6668	0.0136	0.0108182
	0	80.0002	0.0137	0.0109091
	0	73.3336	0.0138	0.0109924
	0	66.667	0.0139	0.0110682
	0	60.0004	0.014	0.0111364
	0	53.3338	0.0141	0.011197
	0	46.6672	0.0142	0.01125
	0	40.0006	0.0143	0.0112955
	1	33.334	0.0144	0.0113333
	1	40	0.0145	0.0113788
	1	46.6666	0.0146	0.0114318
	1	53.3332	0.0147	0.0114924
	1	59.9998	0.0148	0.0115606
	1	66.6664	0.0149	0.0116364
	1	73.333	0.015	0.0117197
	1	79.9996	0.0151	0.0118106
	1	86.6662	0.0152	0.0119091
	1	93.3328	0.0153	0.0120152
	1	99.9994	0.0154	0.0121288
	0	106.666	0.0155	0.01225
	0	100	0.0156	0.0123636
	0	93.3334	0.0157	0.0124697
	0	86.6668	0.0158	0.0125682
	0	80.0002	0.0159	0.0126591
	0	73.3336	0.016	0.0127424
	0	66.667	0.0161	0.0128182
	0	60.0004	0.0162	0.0128864
	0	53.3338	0.0163	0.012947
	0	46.6672	0.0164	0.013
	0	40.0006	0.0165	0.0130455
	1	33.334	0.0166	0.0130833
	1	40	0.0167	0.0131288
	1	46.6666	0.0168	0.0131818
	1	53.3332	0.0169	0.0132424
	1	59.9998	0.017	0.0133106
	1	66.6664	0.0171	0.0133864
	1	73.333	0.0172	0.0134697
	1	79.9996	0.0173	0.0135606
	1	86.6662	0.0174	0.0136591
	1	93.3328	0.0175	0.0137652
	1	99.9994	0.0176	0.0138788
	0	106.666	0.0177	0.014
	0	100	0.0178	0.0141136
	0	93.3334	0.0179	0.0142197
	0	86.6668	0.018	0.0143182
	0	80.0002	0.0181	0.0144091
	0	73.3336	0.0182	0.0144924
	0	66.667	0.0183	0.0145682
	0	60.0004	0.0184	0.0146364
	0	53.3338	0.0185	0.014697
	0	46.6672	0.0186	0.01475
	0	40.0006	0.0187	0.0147955
	1	33.334	0.0188	0.0148333
	1	40	0.0189	0.0148788
	1	46.6666	0.019	0.0149318
	1	53.3332	0.0191	0.0149924
	1	59.9998	0.0192	0.0150606
	1	66.6664	0.0193	0.0151364
	1	73.333	0.0194	0.0152197
	1	79.9996	0.0195	0.0153106
	1	86.6662	0.0196	0.0154091
	1	93.3328	0.0197	0.0155152
	1	99.9994	0.0198	0.0156288
	0	106.666	0.0199	0.01575
	0	100	0.02	0.0158636
	0	93.3334	0.0201	0.0159697
	0	86.6668	0.0202	0.0160682
	0	80.0002	0.0203	0.0161591
	0	73.3336	0.0204	0.0162424
	0	66.667	0.0205	0.0163182
	0	60.0004	0.0206	0.0163864
	0	53.3338	0.0207	0.016447
	0	46.6672	0.0208	0.0165
	0	40.0006	0.0209	0.0165455
	1	33.334	0.021	0.0165833
	1	40	0.0211	0.0166288
	1	46.6666	0.0212	0.0166818
	1	53.3332	0.0213	0.0167424
	1	59.9998	0.0214	0.0168106
	1	66.6664	0.0215	0.0168864
	1	73.333	0.0216	0.0169697
	1	79.9996	0.0217	0.0170606
	1	86.6662	0.0218	0.0171591
	1	93.3328	0.0219	0.0172652
	1	99.9994	0.022	0.0173788
	0	106.666	0.0221	0.0175
	0	100	0.0222	0.0176136
	0	93.3334	0.0223	0.0177197
	0	86.6668	0.0224	0.0178182
	0	80.0002	0.0225	0.0179091
	0	73.3336	0.0226	0.0179924
	0	66.667	0.0227	0.0180682
	0	60.0004	0.0228	0.0181364
	0	53.3338	0.0229	0.018197
	0	46.6672	0.023	0.01825
	0	40.0006	0.0231	0.0182955
	1	33.334	0.0232	0.0183333
	1	40	0.0233	0.0183788
	1	46.6666	0.0234	0.0184318
	1	53.3332	0.0235	0.0184924
	1	59.9998	0.0236	0.0185606
	1	66.6664	0.0237	0.0186364
	1	73.333	0.0238	0.0187197
	1	79.9996	0.0239	0.0188106
	1	86.6662	0.024	0.0189091
	1	93.3328	0.0241	0.0190152
	1	99.9994	0.0242	0.0191288
	0	106.666	0.0243	0.01925
	0	100	0.0244	0.0193636
	0	93.3334	0.0245	0.0194697
	0	86.6668	0.0246	0.0195682
	0	80.0002	0.0247	0.0196591
	0	73.3336	0.0248	0.0197424
	0	66.667	0.0249	0.0198182
	0	60.0004	0.025	0.0198864
	0	53.3338	0.0251	0.019947
	0	46.6672	0.0252	0.02
	0	40.0006	0.0253	0.0200455
	1	33.334	0.0254	0.0200833
	1	40	0.0255	0.0201288
	1	46.6666	0.0256	0.0201818
	1	53.3332	0.0257	0.0202424
	1	59.9998	0.0258	0.0203106
	1	66.6664	0.0259	0.0203864
	1	73.333	0.026	0.0204697
	1	79.9996	0.0261	0.0205606
	1	86.6662	0.0262	0.0206591
	1	93.3328	0.0263	0.0207652
	1	99.9994	0.0264	0.0208788
	0	106.666	0.0265	0.021
	0	100	0.0266	0.0211136
	0	93.3334	0.0267	0.0212197
	0	86.6668	0.0268	0.0213182
	0	80.0002	0.0269	0.0214091
	0	73.3336	0.027	0.0214924
	0	66.667	0.0271	0.0215682
	0	60.0004	0.0272	0.0216364
	0	53.3338	0.0273	0.021697
	0	46.6672	0.0274	0.02175
	0	40.0006	0.0275	0.0217955
	1	33.334	0.0276	0.0218333
	1	40	0.0277	0.0218788
	1	46.6666	0.0278	0.0219318
	1	53.3332	0.0279	0.0219924
	1	59.9998	0.028	0.0220606
	1	66.6664	0.0281	0.0221364
	1	73.333	0.0282	0.0222197
	1	79.9996	0.0283	0.0223106
	1	86.6662	0.0284	0.0224091
	1	93.3328	0.0285	0.0225152
	1	99.9994	0.0286	0.0226288
	0	106.666	0.0287	0.02275
	0	100	0.0288	0.0228636
	0	93.3334	0.0289	0.0229697
	0	86.6668	0.029	0.0230682
	0	80.0002	0.0291	0.0231591
	0	73.3336	0.0292	0.0232424
	0	66.667	0.0293	0.0233182
	0	60.0004	0.0294	0.0233864
	0	53.3338	0.0295	0.023447
	0	46.6672	0.0296	0.0235
	0	40.0006	0.0297	0.0235455
	1	33.334	0.0298	0.0235833
	1	40	0.0299	0.0236288
	1	46.6666	0.03	0.0236818
	1	53.3332	0.0301	0.0237424
	1	59.9998	0.0302	0.0238106
	1	66.6664	0.0303	0.0238864
	1	73.333	0.0304	0.0239697
	1	79.9996	0.0305	0.0240606
	1	86.6662	0.0306	0.0241591
	1	93.3328	0.0307	0.0242652
	1	99.9994	0.0308	0.0243788
	0	106.666	0.0309	0.0245
	0	100	0.031	0.0246136
	0	93.3334	0.0311	0.0247197
	0	86.6668	0.0312	0.0248182
	0	80.0002	0.0313	0.0249091
	0	73.3336	0.0314	0.0249924
	0	66.667	0.0315	0.0250682
	0	60.0004	0.0316	0.0251364
	0	53.3338	0.0317	0.025197
	0	46.6672	0.0318	0.02525
	0	40.0006	0.0319	0.0252955
	1	33.334	0.032	0.0253333
	1	40	0.0321	0.0253788
	1	46.6666	0.0322	0.0254318
	1	53.3332	0.0323	0.0254924
	1	59.9998	0.0324	0.0255606
	1	66.6664	0.0325	0.0256364
	1	73.333	0.0326	0.0257197
	1	79.9996	0.0327	0.0258106
	1	86.6662	0.0328	0.0259091
	1	93.3328	0.0329	0.0260152
	1	99.9994	0.033	0.0261288
	0	106.666	0.0331	0.02625
	0	100	0.0332	0.0263636
	0	93.3334	0.0333	0.0264697
	0	86.6668	0.0334	0.0265682
	0	80.0002	0.0335	0.0266591
	0	73.3336	0.0336	0.0267424
	0	66.667	0.0337	0.0268182
	0	60.0004	0.0338	0.0268864
	0	53.3338	0.0339	0.026947
	0	46.6672	0.034	0.027
	0	40.0006	0.0341	0.0270455
	1	33.334	0.0342	0.0270833
	1	40	0.0343	0.0271288
	1	46.6666	0.0344	0.0271818
	1	53.3332	0.0345	0.0272424
	1	59.9998	0.0346	0.0273106
	1	66.6664	0.0347	0.0273864
	1	73.333	0.0348	0.0274697
	1	79.9996	0.0349	0.0275606
	1	86.6662	0.035	0.0276591
	1	93.3328	0.0351	0.0277652
	1	99.9994	0.0352	0.0278788
	0	106.666	0.0353	0.028
	0	100	0.0354	0.0281136
	0	93.3334	0.0355	0.0282197
	0	86.6668	0.0356	0.0283182
	0	80.0002	0.0357	0.0284091
	0	73.3336	0.0358	0.0284924
	0	66.667	0.0359	0.0285682
	0	60.0004	0.036	0.0286364
	0	53.3338	0.0361	0.028697
	0	46.6672	0.0362	0.02875
	0	40.0006	0.0363	0.0287955
	1	33.334	0.0364	0.0288333
	1	40	0.0365	0.0288788
	1	46.6666	0.0366	0.0289318
	1	53.3332	0.0367	0.0289924
	1	59.9998	0.0368	0.0290606
	1	66.6664	0.0369001	0.0291364
	1	73.333	0.0370001	0.0292197
	1	79.9996	0.0371001	0.0293106
	1	86.6662	0.0372001	0.0294091
	1	93.3328	0.0373001	0.0295152
	1	99.9994	0.0374001	0.0296288
	0	106.666	0.0375001	0.02975
	0	100	0.0376001	0.0298636
	0	93.3334	0.0377001	0.0299697
	0	86.6668	0.0378001	0.0300682
	0	80.0002	0.0379001	0.0301591
	0	73.3336	0.0380001	0.0302424
	0	66.667	0.0381001	0.0303182
	0	60.0004	0.0382001	0.0303864
	0	53.3338	0.0383001	0.030447
	0	46.6672	0.0384001	0.0305
	0	40.0006	0.0385001	0.0305455
	1	33.334	0.0386001	0.0305833
	1	40	0.0387001	0.0306288
	1	46.6666	0.0388001	0.0306818
	1	53.3332	0.0389001	0.0307424
	1	59.9998	0.0390001	0.0308106
	1	66.6664	0.0391001	0.0308864
	1	73.333	0.0392001	0.0309697
	1	79.9996	0.0393001	0.0310606
	1	86.6662	0.0394001	0.0311591
	1	93.3328	0.0395001	0.0312652
	1	99.9994	0.0396001	0.0313788
	0	106.666	0.0397001	0.0315
	0	100	0.0398001	0.0316136
	0	93.3334	0.0399001	0.0317197
	0	86.6668	0.0400001	0.0318182
	0	80.0002	0.0401001	0.0319091
	0	73.3336	0.0402001	0.0319924
	0	66.667	0.0403001	0.0320682
	0	60.0004	0.0404001	0.0321364
	0	53.3338	0.0405001	0.032197
	0	46.6672	0.0406001	0.03225
	0	40.0006	0.0407001	0.0322955
	1	33.334	0.0408001	0.0323333
	1	40	0.0409001	0.0323788
	1	46.6666	0.0410001	0.0324318
	1	53.3332	0.0411001	0.0324924
	1	59.9998	0.0412001	0.0325606
	1	66.6664	0.0413001	0.0326364
	1	73.333	0.0414001	0.0327197
	1	79.9996	0.0415001	0.0328106
	1	86.6662	0.0416001	0.0329091
	1	93.3328	0.0417001	0.0330152
	1	99.9994	0.0418001	0.0331288
	0	106.666	0.0419001	0.03325
	0	100	0.0420001	0.0333636
	0	93.3334	0.0421001	0.0334697
	0	86.6668	0.0422001	0.0335682
	0	80.0002	0.0423001	0.0336591
	0	73.3336	0.0424001	0.0337424
	0	66.667	0.0425001	0.0338182
	0	60.0004	0.0426001	0.0338864
	0	53.3338	0.0427001	0.033947
	0	46.6672	0.0428002	0.034
	0	40.0006	0.0429002	0.0340455
	1	33.334	0.0430002	0.0340833
	1	40	0.0431002	0.0341288
	1	46.6666	0.0432002	0.0341818
	1	53.3332	0.0433002	0.0342424
	1	59.9998	0.0434002	0.0343106
	1	66.6664	0.0435002	0.0343864
	1	73.333	0.0436002	0.0344697
	1	79.9996	0.0437002	0.0345606
	1	86.6662	0.0438002	0.0346591
	1	93.3328	0.0439002	0.0347652
	1	99.9994	0.0440002	0.0348788
	0	106.666	0.0441002	0.035
	0	100	0.0442002	0.0351136
	0	93.3334	0.0443002	0.0352197
	0	86.6668	0.0444002	0.0353182
	0	80.0002	0.0445002	0.0354091
	0	73.3336	0.0446002	0.0354924
	0	66.667	0.0447002	0.0355682
	0	60.0004	0.0448002	0.0356364
	0	53.3338	0.0449002	0.035697
	0	46.6672	0.0450002	0.03575
	0	40.0006	0.0451002	0.0357955
	1	33.334	0.0452002	0.0358333
	1	40	0.0453002	0.0358788
	1	46.6666	0.0454002	0.0359318
	1	53.3332	0.0455002	0.0359924
	1	59.9998	0.0456002	0.0360606
	1	66.6664	0.0457002	0.0361364
	1	73.333	0.0458002	0.0362197
	1	79.9996	0.0459002	0.0363106
	1	86.6662	0.0460002	0.0364091
	1	93.3328	0.0461002	0.0365152
	1	99.9994	0.0462002	0.0366288
	0	106.666	0.0463002	0.03675
	0	100	0.0464002	0.0368636
	0	93.3334	0.0465002	0.0369697
	0	86.6668	0.0466002	0.0370682
	0	80.0002	0.0467002	0.0371591
	0	73.3336	0.0468002	0.0372424
	0	66.667	0.0469002	0.0373182
	0	60.0004	0.0470002	0.0373864
	0	53.3338	0.0471002	0.037447
	0	46.6672	0.0472002	0.0375
	0	40.0006	0.0473002	0.0375455
	1	33.334	0.0474002	0.0375833
	1	40	0.0475002	0.0376288
	1	46.6666	0.0476002	0.0376818
	1	53.3332	0.0477002	0.0377424
	1	59.9998	0.0478002	0.0378106
	1	66.6664	0.0479002	0.0378864
	1	73.333	0.0480002	0.0379697
	1	79.9996	0.0481002	0.0380606
	1	86.6662	0.0482002	0.0381591
	1	93.3328	0.0483002	0.0382652
	1	99.9994	0.0484002	0.0383788
	0	106.666	0.0485002	0.0385
	0	100	0.0486002	0.0386136
	0	93.3334	0.0487003	0.0387197
	0	86.6668	0.0488003	0.0388182
	0	80.0002	0.0489003	0.0389091
	0	73.3336	0.0490003	0.0389924
	0	66.667	0.0491003	0.0390682
	0	60.0004	0.0492003	0.0391364
	0	53.3338	0.0493003	0.039197
	0	46.6672	0.0494003	0.03925
	0	40.0006	0.0495003	0.0392955
	1	33.334	0.0496003	0.0393333
	1	40	0.0497003	0.0393788
	1	46.6666	0.0498003	0.0394318
	1	53.3332	0.0499003	0.0394924
	1	59.9998	0.0500003	0.0395606
	1	66.6664	0.0501003	0.0396364
	1	73.333	0.0502003	0.0397197
	1	79.9996	0.0503003	0.0398106
	1	86.6662	0.0504003	0.0399091
	1	93.3328	0.0505003	0.0400152
	1	99.9994	0.0506003	0.0401288
	0	106.666	0.0507003	0.04025
	0	100	0.0508003	0.0403636
	0	93.3334	0.0509003	0.0404697
	0	86.6668	0.0510003	0.0405682
	0	80.0002	0.0511003	0.0406591
	0	73.3336	0.0512003	0.0407424
	0	66.667	0.0513003	0.0408182
	0	60.0004	0.0514003	0.0408864
	0	53.3338	0.0515003	0.040947
	0	46.6672	0.0516003	0.041
	0	40.0006	0.0517003	0.0410455
	1	33.334	0.0518003	0.0410833
	1	40	0.0519003	0.0411288
	1	46.6666	0.0520003	0.0411818
	1	53.3332	0.0521003	0.0412424
	1	59.9998	0.0522003	0.0413106
	1	66.6664	0.0523003	0.0413864
	1	73.333	0.0524003	0.0414697
	1	79.9996	0.0525003	0.0415606
	1	86.6662	0.0526003	0.0416591
	1	93.3328	0.0527003	0.0417652
	1	99.9994	0.0528003	0.0418788
	0	106.666	0.0529003	0.042
	0	100	0.0530003	0.0421136
	0	93.3334	0.0531003	0.0422197
	0	86.6668	0.0532003	0.0423182
	0	80.0002	0.0533003	0.0424091
	0	73.3336	0.0534003	0.0424924
	0	66.667	0.0535003	0.0425682
	0	60.0004	0.0536003	0.0426364
	0	53.3338	0.0537003	0.042697
	0	46.6672	0.0538003	0.04275
	0	40.0006	0.0539003	0.0427955
	1	33.334	0.0540003	0.0428333
	1	40	0.0541003	0.0428788
	1	46.6666	0.0542003	0.0429318
	1	53.3332	0.0543003	0.0429924
	1	59.9998	0.0544003	0.0430606
	1	66.6664	0.0545003	0.0431364
	1	73.333	0.0546004	0.0432197
	1	79.9996	0.0547004	0.0433106
	1	86.6662	0.0548004	0.0434091
	1	93.3328	0.0549004	0.0435152
	1	99.9994	0.0550004	0.0436288
	0	106.666	0.0551004	0.04375
	0	100	0.0552004	0.0438636
	0	93.3334	0.0553004	0.0439697
	0	86.6668	0.0554004	0.0440682
	0	80.0002	0.0555004	0.0441591
	0	73.3336	0.0556004	0.0442424
	0	66.667	0.0557004	0.0443182
	0	60.0004	0.0558004	0.0443864
	0	53.3338	0.0559004	0.044447
	0	46.6672	0.0560004	0.0445
	0	40.0006	0.0561004	0.0445455
	1	33.334	0.0562004	0.0445833
	1	40	0.0563004	0.0446288
	1	46.6666	0.0564004	0.0446818
	1	53.3332	0.0565004	0.0447424
	1	59.9998	0.0566004	0.0448106
	1	66.6664	0.0567004	0.0448864
	1	73.333	0.0568004	0.0449697
	1	79.9996	0.0569004	0.0450606
	1	86.6662	0.0570004	0.0451591
	1	93.3328	0.0571004	0.0452652
	1	99.9994	0.0572004	0.0453788
	0	106.666	0.0573004	0.0455
	0	100	0.0574004	0.0456136
	0	93.3334	0.0575004	0.0457197
	0	86.6668	0.0576004	0.0458182
	0	80.0002	0.0577004	0.0459091
	0	73.3336	0.0578004	0.0459924
	0	66.667	0.0579004	0.0460682
	0	60.0004	0.0580004	0.0461364
	0	53.3338	0.0581004	0.046197
	0	46.6672	0.0582004	0.04625
	0	40.0006	0.0583004	0.0462955
	1	33.334	0.0584004	0.0463333
	1	40	0.0585004	0.0463788
	1	46.6666	0.0586004	0.0464318
	1	53.3332	0.0587004	0.0464924
	1	59.9998	0.0588004	0.0465606
	1	66.6664	0.0589004	0.0466364
	1	73.333	0.0590004	0.0467197
	1	79.9996	0.0591004	0.0468106
	1	86.6662	0.0592004	0.0469091
	1	93.3328	0.0593004	0.0470152
	1	99.9994	0.0594004	0.0471288
	0	106.666	0.0595004	0.04725
	0	100	0.0596004	0.0473636
	0	93.3334	0.0597004	0.0474697
	0	86.6668	0.0598004	0.0475682
	0	80.0002	0.0599004	0.0476591
	0	73.3336	0.0600004	0.0477424
	0	66.667	0.0601004	0.0478182
	0	60.0004	0.0602004	0.0478864
	0	53.3338	0.0603004	0.047947
	0	46.6672	0.0604004	0.048
	0	40.0006	0.0605005	0.0480455
	1	33.334	0.0606005	0.0480833
	1	40	0.0607005	0.0481288
	1	46.6666	0.0608005	0.0481818
	1	53.3332	0.0609005	0.0482424
	1	59.9998	0.0610005	0.0483106
	1	66.6664	0.0611005	0.0483864
	1	73.333	0.0612005	0.0484697
	1	79.9996	0.0613005	0.0485606
	1	86.6662	0.0614005	0.0486591
	1	93.3328	0.0615005	0.0487652
	1	99.9994	0.0616005	0.0488788
	0	106.666	0.0617005	0.049
	0	100	0.0618005	0.0491136
	0	93.3334	0.0619005	0.0492197
	0	86.6668	0.0620005	0.0493182
	0	80.0002	0.0621005	0.0494091
	0	73.3336	0.0622005	0.0494924
	0	66.667	0.0623005	0.0495682
	0	60.0004	0.0624005	0.0496364
	0	53.3338	0.0625005	0.049697
	0	46.6672	0.0626005	0.04975
	0	40.0006	0.0627005	0.0497955
	1	33.334	0.0628005	0.0498333
	1	40	0.0629005	0.0498788
	1	46.6666	0.0630005	0.0499318
	1	53.3332	0.0631005	0.0499924
	1	59.9998	0.0632005	0.0500606
	1	66.6664	0.0633005	0.0501364
	1	73.333	0.0634005	0.0502197
	1	79.9996	0.0635005	0.0503106
	1	86.6662	0.0636005	0.0504091
	1	93.3328	0.0637005	0.0505152
	1	99.9994	0.0638005	0.0506288
	0	106.666	0.0639005	0.05075
	0	100	0.0640005	0.0508636
	0	93.3334	0.0641005	0.0509697
	0	86.6668	0.0642005	0.0510682
	0	80.0002	0.0643005	0.0511591
	0	73.3336	0.0644005	0.0512424
	0	66.667	0.0645005	0.0513182
	0	60.0004	0.0646005	0.0513864
	0	53.3338	0.0647005	0.051447
	0	46.6672	0.0648005	0.0515
	0	40.0006	0.0649005	0.0515455
	1	33.334	0.0650005	0.0515833
	1	40	0.0651005	0.0516288
	1	46.6666	0.0652005	0.0516818
	1	53.3332	0.0653005	0.0517424
	1	59.9998	0.0654005	0.0518106
	1	66.6664	0.0655005	0.0518864
	1	73.333	0.0656005	0.0519697
	1	79.9996	0.0657005	0.0520606
	1	86.6662	0.0658005	0.0521591
	1	93.3328	0.0659005	0.0522652
	1	99.9994	0.0660005	0.0523788
	0	106.666	0.0661005	0.0525
	0	100	0.0662005	0.0526136
	0	93.3334	0.0663005	0.0527197
	0	86.6668	0.0664006	0.0528182
	0	80.0002	0.0665006	0.0529091
	0	73.3336	0.0666006	0.0529924
	0	66.667	0.0667006	0.0530682
	0	60.0004	0.0668006	0.0531364
	0	53.3338	0.0669006	0.053197
	0	46.6672	0.0670006	0.05325
	0	40.0006	0.0671006	0.0532955
	1	33.334	0.0672006	0.0533333
	1	40	0.0673006	0.0533788
	1	46.6666	0.0674006	0.0534318
	1	53.3332	0.0675006	0.0534924
	1	59.9998	0.0676006	0.0535606
	1	66.6664	0.0677006	0.0536364
	1	73.333	0.0678006	0.0537197
	1	79.9996	0.0679006	0.0538106
	1	86.6662	0.0680006	0.0539091
	1	93.3328	0.0681006	0.0540152
	1	99.9994	0.0682006	0.0541288
	0	106.666	0.0683006	0.05425
	0	100	0.0684006	0.0543636
	0	93.3334	0.0685006	0.0544697
	0	86.6668	0.0686006	0.0545682
	0	80.0002	0.0687006	0.0546591
	0	73.3336	0.0688006	0.0547424
	0	66.667	0.0689006	0.0548182
	0	60.0004	0.0690006	0.0548864
	0	53.3338	0.0691006	0.054947
	0	46.6672	0.0692006	0.055
	0	40.0006	0.0693006	0.0550455
	1	33.334	0.0694006	0.0550833
	1	40	0.0695006	0.0551288
	1	46.6666	0.0696006	0.0551818
	1	53.3332	0.0697006	0.0552424
	1	59.9998	0.0698006	0.0553106
	1	66.6664	0.0699006	0.0553864
	1	73.333	0.0700006	0.0554697
	1	79.9996	0.0701006	0.0555606
	1	86.6662	0.0702006	0.0556591
	1	93.3328	0.0703006	0.0557652
	1	99.9994	0.0704006	0.0558788
	0	106.666	0.0705006	0.056
	0	100	0.0706006	0.0561136
	0	93.3334	0.0707006	0.0562197
	0	86.6668	0.0708006	0.0563182
	0	80.0002	0.0709006	0.0564091
	0	73.3336	0.0710006	0.0564924
	0	66.667	0.0711006	0.0565682
	0	60.0004	0.0712006	0.0566364
	0	53.3338	0.0713006	0.056697
	0	46.6672	0.0714006	0.05675
	0	40.0006	0.0715006	0.0567955
	1	33.334	0.0716006	0.0568333
	1	40	0.0717006	0.0568788
	1	46.6666	0.0718006	0.0569318
	1	53.3332	0.0719006	0.0569924
	1	59.9998	0.0720006	0.0570606
	1	66.6664	0.0721006	0.0571364
	1	73.333	0.0722006	0.0572197
	1	79.9996	0.0723007	0.0573106
	1	86.6662	0.0724007	0.0574091
	1	93.3328	0.0725007	0.0575151
	1	99.9994	0.0726007	0.0576288
	0	106.666	0.0727007	0.05775
	0	100	0.0728007	0.0578636
	0	93.3334	0.0729007	0.0579697
	0	86.6668	0.0730007	0.0580682
	0	80.0002	0.0731007	0.0581591
	0	73.3336	0.0732007	0.0582424
	0	66.667	0.0733007	0.0583182
	0	60.0004	0.0734007	0.0583864
	0	53.3338	0.0735007	0.058447
	0	46.6672	0.0736007	0.0585
	0	40.0006	0.0737007	0.0585454
	1	33.334	0.0738007	0.0585833
	1	40	0.0739007	0.0586288
	1	46.6666	0.0740007	0.0586818
	1	53.3332	0.0741007	0.0587424
	1	59.9998	0.0742007	0.0588106
	1	66.6664	0.0743007	0.0588864
	1	73.333	0.0744007	0.0589697
	1	79.9996	0.0745007	0.0590606
	1	86.6662	0.0746007	0.0591591
	1	93.3328	0.0747007	0.0592651
	1	99.9994	0.0748007	0.0593788
	0	106.666	0.0749007	0.0595
	0	100	0.0750007	0.0596136
	0	93.3334	0.0751007	0.0597197
	0	86.6668	0.0752007	0.0598182
	0	80.0002	0.0753007	0.0599091
	0	73.3336	0.0754007	0.0599924
	0	66.667	0.0755007	0.0600682
	0	60.0004	0.0756007	0.0601364
	0	53.3338	0.0757007	0.060197
	0	46.6672	0.0758007	0.06025
	0	40.0006	0.0759007	0.0602954
	1	33.334	0.0760007	0.0603333
	1	40	0.0761007	0.0603788
	1	46.6666	0.0762007	0.0604318
	1	53.3332	0.0763007	0.0604924
	1	59.9998	0.0764007	0.0605606
	1	66.6664	0.0765007	0.0606364
	1	73.333	0.0766007	0.0607197
	1	79.9996	0.0767007	0.0608106
	1	86.6662	0.0768007	0.0609091
	1	93.3328	0.0769007	0.0610151
	1	99.9994	0.0770007	0.0611288
	0	106.666	0.0771007	0.06125
	0	100	0.0772007	0.0613636
	0	93.3334	0.0773007	0.0614697
	0	86.6668	0.0774007	0.0615682
	0	80.0002	0.0775007	0.0616591
	0	73.3336	0.0776007	0.0617424
	0	66.667	0.0777007	0.0618182
	0	60.0004	0.0778007	0.0618863
	0	53.3338	0.0779007	0.061947
	0	46.6672	0.0780007	0.062
	0	40.0006	0.0781007	0.0620454
	1	33.334	0.0782008	0.0620833
	1	40	0.0783008	0.0621288
	1	46.6666	0.0784008	0.0621818
	1	53.3332	0.0785008	0.0622424
	1	59.9998	0.0786008	0.0623106
	1	66.6664	0.0787008	0.0623864
	1	73.333	0.0788008	0.0624697
	1	79.9996	0.0789008	0.0625606
	1	86.6662	0.0790008	0.0626591
	1	93.3328	0.0791008	0.0627651
	1	99.9994	0.0792008	0.0628788
	0	106.666	0.0793008	0.063
	0	100	0.0794008	0.0631136
	0	93.3334	0.0795008	0.0632197
	0	86.6668	0.0796008	0.0633182
	0	80.0002	0.0797008	0.0634091
	0	73.3336	0.0798008	0.0634924
	0	66.667	0.0799008	0.0635682
	0	60.0004	0.0800008	0.0636363
	0	53.3338	0.0801008	0.063697
	0	46.6672	0.0802008	0.06375
	0	40.0006	0.0803008	0.0637954
	1	33.334	0.0804008	0.0638333
	1	40	0.0805008	0.0638788
	1	46.6666	0.0806008	0.0639318
	1	53.3332	0.0807008	0.0639924
	1	59.9998	0.0808008	0.0640606
	1	66.6664	0.0809008	0.0641364
	1	73.333	0.0810008	0.0642197
	1	79.9996	0.0811008	0.0643106
	1	86.6662	0.0812008	0.0644091
	1	93.3328	0.0813008	0.0645151
	1	99.9994	0.0814008	0.0646288
	0	106.666	0.0815008	0.06475
	0	100	0.0816008	0.0648636
	0	93.3334	0.0817008	0.0649697
	0	86.6668	0.0818008	0.0650682
	0	80.0002	0.0819008	0.0651591
	0	73.3336	0.0820008	0.0652424
	0	66.667	0.0821008	0.0653182
	0	60.0004	0.0822008	0.0653863
	0	53.3338	0.0823008	0.065447
	0	46.6672	0.0824008	0.0655
	0	40.0006	0.0825008	0.0655454
	1	33.334	0.0826008	0.0655833
	1	40	0.0827008	0.0656288
	1	46.6666	0.0828008	0.0656818
	1	53.3332	0.0829008	0.0657424
	1	59.9998	0.0830008	0.0658106
	1	66.6664	0.0831008	0.0658864
	1	73.333	0.0832008	0.0659697
	1	79.9996	0.0833008	0.0660606
	1	86.6662	0.0834008	0.0661591
	1	93.3328	0.0835008	0.0662651
	1	99.9994	0.0836008	0.0663788
	0	106.666	0.0837008	0.0665
	0	100	0.0838008	0.0666136
	0	93.3334	0.0839008	0.0667197
	0	86.6668	0.0840008	0.0668182
	0	80.0002	0.0841008	0.0669091
	0	73.3336	0.0842009	0.0669924
	0	66.667	0.0843009	0.0670682
	0	60.0004	0.0844009	0.0671363
	0	53.3338	0.0845009	0.067197
	0	46.6672	0.0846009	0.06725
	0	40.0006	0.0847009	0.0672954
	1	33.334	0.0848009	0.0673333
	1	40	0.0849009	0.0673788
	1	46.6666	0.0850009	0.0674318
	1	53.3332	0.0851009	0.0674924
	1	59.9998	0.0852009	0.0675606
	1	66.6664	0.0853009	0.0676364
	1	73.333	0.0854009	0.0677197
	1	79.9996	0.0855009	0.0678106
	1	86.6662	0.0856009	0.0679091
	1	93.3328	0.0857009	0.0680151
	1	99.9994	0.0858009	0.0681288
	0	106.666	0.0859009	0.06825
	0	100	0.0860009	0.0683636
	0	93.3334	0.0861009	0.0684697
	0	86.6668	0.0862009	0.0685682
	0	80.0002	0.0863009	0.0686591
	0	73.3336	0.0864009	0.0687424
	0	66.667	0.0865009	0.0688182
	0	60.0004	0.0866009	0.0688863
	0	53.3338	0.0867009	0.068947
	0	46.6672	0.0868009	0.069
	0	40.0006	0.0869009	0.0690454
	1	33.334	0.0870009	0.0690833
	1	40	0.0871009	0.0691288
	1	46.6666	0.0872009	0.0691818
	1	53.3332	0.0873009	0.0692424
	1	59.9998	0.0874009	0.0693106
	1	66.6664	0.0875009	0.0693864
	1	73.333	0.0876009	0.0694697
	1	79.9996	0.0877009	0.0695606
	1	86.6662	0.0878009	0.0696591
	1	93.3328	0.0879009	0.0697651
	1	99.9994	0.0880009	0.0698788
	0	106.666	0.0881009	0.07
	0	100	0.0882009	0.0701136
	0	93.3334	0.0883009	0.0702197
	0	86.6668	0.0884009	0.0703182
	0	80.0002	0.0885009	0.0704091
	0	73.3336	0.0886009	0.0704924
	0	66.667	0.0887009	0.0705682
	0	60.0004	0.0888009	0.0706363
	0	53.3338	0.0889009	0.0706969
	0	46.6672	0.0890009	0.07075
	0	40.0006	0.0891009	0.0707954
	1	33.334	0.0892009	0.0708333
	1	40	0.0893009	0.0708788
	1	46.6666	0.0894009	0.0709318
	1	53.3332	0.0895009	0.0709924
	1	59.9998	0.0896009	0.0710606
	1	66.6664	0.0897009	0.0711363
	1	73.333	0.0898009	0.0712197
	1	79.9996	0.0899009	0.0713106
	1	86.6662	0.0900009	0.0714091
	1	93.3328	0.090101	0.0715151
	1	99.9994	0.090201	0.0716288
	0	106.666	0.090301	0.07175
	0	100	0.090401	0.0718636
	0	93.3334	0.090501	0.0719697
	0	86.6668	0.090601	0.0720682
	0	80.0002	0.090701	0.0721591
	0	73.3336	0.090801	0.0722424
	0	66.667	0.090901	0.0723182
	0	60.0004	0.091001	0.0723863
	0	53.3338	0.091101	0.0724469
	0	46.6672	0.091201	0.0725
	0	40.0006	0.091301	0.0725454
	1	33.334	0.091401	0.0725833
	1	40	0.091501	0.0726288
	1	46.6666	0.091601	0.0726818
	1	53.3332	0.091701	0.0727424
	1	59.9998	0.091801	0.0728106
	1	66.6664	0.091901	0.0728863
	1	73.333	0.092001	0.0729697
	1	79.9996	0.092101	0.0730606
	1	86.6662	0.092201	0.0731591
	1	93.3328	0.092301	0.0732651
	1	99.9994	0.092401	0.0733788
	0	106.666	0.092501	0.0735
	0	100	0.092601	0.0736136
	0	93.3334	0.092701	0.0737197
	0	86.6668	0.092801	0.0738182
	0	80.0002	0.092901	0.0739091
	0	73.3336	0.093001	0.0739924
	0	66.667	0.093101	0.0740682
	0	60.0004	0.093201	0.0741363
	0	53.3338	0.093301	0.0741969
	0	46.6672	0.093401	0.07425
	0	40.0006	0.093501	0.0742954
	1	33.334	0.093601	0.0743333
	1	40	0.093701	0.0743788
	1	46.6666	0.093801	0.0744318
	1	53.3332	0.093901	0.0744924
	1	59.9998	0.094001	0.0745606
	1	66.6664	0.094101	0.0746363
	1	73.333	0.094201	0.0747197
	1	79.9996	0.094301	0.0748106
	1	86.6662	0.094401	0.0749091
	1	93.3328	0.094501	0.0750151
	1	99.9994	0.094601	0.0751288
	0	106.666	0.094701	0.07525
	0	100	0.094801	0.0753636
	0	93.3334	0.094901	0.0754697
	0	86.6668	0.095001	0.0755681
	0	80.0002	0.095101	0.0756591
	0	73.3336	0.095201	0.0757424
	0	66.667	0.095301	0.0758182
	0	60.0004	0.095401	0.0758863
	0	53.3338	0.095501	0.0759469
	0	46.6672	0.095601	0.076
	0	40.0006	0.095701	0.0760454
	1	33.334	0.095801	0.0760833
	1	40	0.095901	0.0761288
	1	46.6666	0.0960011	0.0761818
	1	53.3332	0.0961011	0.0762424
	1	59.9998	0.0962011	0.0763106
	1	66.6664	0.0963011	0.0763863
	1	73.333	0.0964011	0.0764697
	1	79.9996	0.0965011	0.0765606
	1	86.6662	0.0966011	0.0766591
	1	93.3328	0.0967011	0.0767651
	1	99.9994	0.0968011	0.0768788
	0	106.666	0.0969011	0.077
	0	100	0.0970011	0.0771136
	0	93.3334	0.0971011	0.0772197
	0	86.6668	0.0972011	0.0773181
	0	80.0002	0.0973011	0.0774091
	0	73.3336	0.0974011	0.0774924
	0	66.667	0.0975011	0.0775681
	0	60.0004	0.0976011	0.0776363
	0	53.3338	0.0977011	0.0776969
	0	46.6672	0.0978011	0.07775
	0	40.0006	0.0979011	0.0777954
	1	33.334	0.0980011	0.0778333
	1	40	0.0981011	0.0778788
	1	46.6666	0.0982011	0.0779318
	1	53.3332	0.0983011	0.0779924
	1	59.9998	0.0984011	0.0780606
	1	66.6664	0.0985011	0.0781363
	1	73.333	0.0986011	0.0782197
	1	79.9996	0.0987011	0.0783106
	1	86.6662	0.0988011	0.0784091
	1	93.3328	0.0989011	0.0785151
	1	99.9994	0.0990011	0.0786288
	0	106.666	0.0991011	0.07875
	0	100	0.0992011	0.0788636
	0	93.3334	0.0993011	0.0789697
	0	86.6668	0.0994011	0.0790681
	0	80.0002	0.0995011	0.0791591
	0	73.3336	0.0996011	0.0792424
	0	66.667	0.0997011	0.0793181
	0	60.0004	0.0998011	0.0793863
	0	53.3338	0.0999011	0.0794469
	0	46.6672	0.100001	0.0795
	0	40.0006	0.100101	0.0795454
	1	33.334	0.100201	0.0795833
	1	40	0.100301	0.0796288
	1	46.6666	0.100401	0.0796818
	1	53.3332	0.100501	0.0797424
	1	59.9998	0.100601	0.0798106
	1	66.6664	0.100701	0.0798863
	1	73.333	0.100801	0.0799697
	1	79.9996	0.100901	0.0800606
	1	86.6662	0.101001	0.0801591
	1	93.3328	0.101101	0.0802651
	1	99.9994	0.101201	0.0803788
	0	106.666	0.101301	0.0805
	0	100	0.101401	0.0806136
	0	93.3334	0.101501	0.0807197
	0	86.6668	0.101601	0.0808181
	0	80.0002	0.101701	0.0809091
	0	73.3336	0.101801	0.0809924
	0	66.667	0.101901	0.0810681
	0	60.0004	0.102001	0.0811363
	0	53.3338	0.102101	0.0811969
	0	46.6672	0.102201	0.08125
	0	40.0006	0.102301	0.0812954
	1	33.334	0.102401	0.0813333
	1	40	0.102501	0.0813788
	1	46.6666	0.102601	0.0814318
	1	53.3332	0.102701	0.0814924
	1	59.9998	0.102801	0.0815606
	1	66.6664	0.102901	0.0816363
	1	73.333	0.103001	0.0817197
	1	79.9996	0.103101	0.0818106
	1	86.6662	0.103201	0.0819091
	1	93.3328	0.103301	0.0820151
	1	99.9994	0.103401	0.0821288
	0	106.666	0.103501	0.08225
	0	100	0.103601	0.0823636
	0	93.3334	0.103701	0.0824697
	0	86.6668	0.103801	0.0825681
	0	80.0002	0.103901	0.0826591
	0	73.3336	0.104001	0.0827424
	0	66.667	0.104101	0.0828181
	0	60.0004	0.104201	0.0828863
	0	53.3338	0.104301	0.0829469
	0	46.6672	0.104401	0.083
	0	40.0006	0.104501	0.0830454
	1	33.334	0.104601	0.0830833
	1	40	0.104701	0.0831288
	1	46.6666	0.104801	0.0831818
	1	53.3332	0.104901	0.0832424
	1	59.9998	0.105001	0.0833106
	1	66.6664	0.105101	0.0833863
	1	73.333	0.105201	0.0834697
	1	79.9996	0.105301	0.0835606
	1	86.6662	0.105401	0.0836591
	1	93.3328	0.105501	0.0837651
	1	99.9994	0.105601	0.0838787
	0	106.666	0.105701	0.084
	0	100	0.105801	0.0841136
	0	93.3334	0.105901	0.0842197
	0	86.6668	0.106001	0.0843181
	0	80.0002	0.106101	0.0844091
	0	73.3336	0.106201	0.0844924
	0	66.667	0.106301	0.0845681
	0	60.0004	0.106401	0.0846363
	0	53.3338	0.106501	0.0846969
	0	46.6672	0.106601	0.08475
	0	40.0006	0.106701	0.0847954
	1	33.334	0.106801	0.0848333
	1	40	0.106901	0.0848788
	1	46.6666	0.107001	0.0849318
	1	53.3332	0.107101	0.0849924
	1	59.9998	0.107201	0.0850606
	1	66.6664	0.107301	0.0851363
	1	73.333	0.107401	0.0852197
	1	79.9996	0.107501	0.0853106
	1	86.6662	0.107601	0.0854091
	1	93.3328	0.107701	0.0855151
	1	99.9994	0.107801	0.0856287
	0	106.666	0.107901	0.08575
	0	100	0.108001	0.0858636
	0	93.3334	0.108101	0.0859697
	0	86.6668	0.108201	0.0860681
	0	80.0002	0.108301	0.086159
	0	73.3336	0.108401	0.0862424
	0	66.667	0.108501	0.0863181
	0	60.0004	0.108601	0.0863863
	0	53.3338	0.108701	0.0864469
	0	46.6672	0.108801	0.0865
	0	40.0006	0.108901	0.0865454
	1	33.334	0.109001	0.0865833
	1	40	0.109101	0.0866287
	1	46.6666	0.109201	0.0866818
	1	53.3332	0.109301	0.0867424
	1	59.9998	0.109401	0.0868106
	1	66.6664	0.109501	0.0868863
	1	73.333	0.109601	0.0869697
	1	79.9996	0.109701	0.0870606
	1	86.6662	0.109801	0.0871591
	1	93.3328	0.109901	0.0872651
	1	99.9994	0.110001	0.0873787
	0	106.666	0.110101	0.0875
	0	100	0.110201	0.0876136
	0	93.3334	0.110301	0.0877196
	0	86.6668	0.110401	0.0878181
	0	80.0002	0.110501	0.087909
	0	73.3336	0.110601	0.0879924
	0	66.667	0.110701	0.0880681
	0	60.0004	0.110801	0.0881363
	0	53.3338	0.110901	0.0881969
	0	46.6672	0.111001	0.08825
	0	40.0006	0.111101	0.0882954
	1	33.334	0.111201	0.0883333
	1	40	0.111301	0.0883787
	1	46.6666	0.111401	0.0884318
	1	53.3332	0.111501	0.0884924
	1	59.9998	0.111601	0.0885606
	1	66.6664	0.111701	0.0886363
	1	73.333	0.111801	0.0887197
	1	79.9996	0.111901	0.0888106
	1	86.6662	0.112001	0.0889091
	1	93.3328	0.112101	0.0890151
	1	99.9994	0.112201	0.0891287
	0	106.666	0.112301	0.08925
	0	100	0.112401	0.0893636
	0	93.3334	0.112501	0.0894696
	0	86.6668	0.112601	0.0895681
	0	80.0002	0.112701	0.089659
	0	73.3336	0.112801	0.0897424
	0	66.667	0.112901	0.0898181
	0	60.0004	0.113001	0.0898863
	0	53.3338	0.113101	0.0899469
	0	46.6672	0.113201	0.09
	0	40.0006	0.113301	0.0900454
	1	33.334	0.113401	0.0900833
	1	40	0.113501	0.0901287
	1	46.6666	0.113601	0.0901818
	1	53.3332	0.113701	0.0902424
	1	59.9998	0.113801	0.0903106
	1	66.6664	0.113901	0.0903863
	1	73.333	0.114001	0.0904697
	1	79.9996	0.114101	0.0905606
	1	86.6662	0.114201	0.0906591
	1	93.3328	0.114301	0.0907651
	1	99.9994	0.114401	0.0908787
	0	106.666	0.114501	0.091
	0	100	0.114601	0.0911136
	0	93.3334	0.114701	0.0912197
	0	86.6668	0.114801	0.0913181
	0	80.0002	0.114901	0.0914091
	0	73.3336	0.115001	0.0914924
	0	66.667	0.115101	0.0915682
	0	60.0004	0.115201	0.0916363
	0	53.3338	0.115301	0.0916969
	0	46.6672	0.115401	0.09175
	0	40.0006	0.115501	0.0917954
	1	33.334	0.115601	0.0918333
	1	40	0.115701	0.0918787
	1	46.6666	0.115801	0.0919318
	1	53.3332	0.115901	0.0919924
	1	59.9998	0.116001	0.0920605
	1	66.6664	0.116101	0.0921363
	1	73.333	0.116201	0.0922196
	1	79.9996	0.116301	0.0923105
	1	86.6662	0.116401	0.092409
	1	93.3328	0.116501	0.0925151
	1	99.9994	0.116601	0.0926287
	0	106.666	0.116701	0.09275
	0	100	0.116801	0.0928636
	0	93.3334	0.116901	0.0929697
	0	86.6668	0.117001	0.0930681
	0	80.0002	0.117101	0.0931591
	0	73.3336	0.117201	0.0932424
	0	66.667	0.117301	0.0933182
	0	60.0004	0.117401	0.0933863
	0	53.3338	0.117501	0.0934469
	0	46.6672	0.117601	0.0935
	0	40.0006	0.117701	0.0935454
	1	33.334	0.117801	0.0935833
	1	40	0.117901	0.0936287
	1	46.6666	0.118001	0.0936818
	1	53.3332	0.118101	0.0937424
	1	59.9998	0.118201	0.0938106
	1	66.6664	0.118301	0.0938863
	1	73.333	0.118401	0.0939696
	1	79.9996	0.118501	0.0940605
	1	86.6662	0.118601	0.094159
	1	93.3328	0.118701	0.0942651
	1	99.9994	0.118801	0.0943787
	0	106.666	0.118901	0.0945
	0	100	0.119001	0.0946136
	0	93.3334	0.119101	0.0947197
	0	86.6668	0.119201	0.0948181
	0	80.0002	0.119301	0.0949091
	0	73.3336	0.119401	0.0949924
	0	66.667	0.119501	0.0950682
	0	60.0004	0.119601	0.0951363
	0	53.3338	0.119701	0.0951969
	0	46.6672	0.119801	0.09525
	0	40.0006	0.119901	0.0952954
	1	33.334	0.120001	0.0953333
	1	40	0.120101	0.0953787
	1	46.6666	0.120201	0.0954318
	1	53.3332	0.120301	0.0954924
	1	59.9998	0.120401	0.0955606
	1	66.6664	0.120501	0.0956363
	1	73.333	0.120601	0.0957196
	1	79.9996	0.120701	0.0958106
	1	86.6662	0.120801	0.095909
	1	93.3328	0.120901	0.0960151
	1	99.9994	0.121001	0.0961287
	0	106.666	0.121101	0.09625
	0	100	0.121201	0.0963636
	0	93.3334	0.121301	0.0964697
	0	86.6668	0.121401	0.0965682
	0	80.0002	0.121501	0.0966591
	0	73.3336	0.121601	0.0967424
	0	66.667	0.121701	0.0968182
	0	60.0004	0.121801	0.0968863
	0	53.3338	0.121901	0.0969469
	0	46.6672	0.122001	0.097
	0	40.0006	0.122101	0.0970454
	1	33.334	0.122201	0.0970833
	1	40	0.122301	0.0971287
	1	46.6666	0.122401	0.0971818
	1	53.3332	0.122501	0.0972424
	1	59.9998	0.122602	0.0973106
	1	66.6664	0.122702	0.0973863
	1	73.333	0.122802	0.0974696
	1	79.9996	0.122902	0.0975606
	1	86.6662	0.123002	0.097659
	1	93.3328	0.123102	0.0977651
	1	99.9994	0.123202	0.0978787
	0	106.666	0.123302	0.098
	0	100	0.123402	0.0981136
	0	93.3334	0.123502	0.0982197
	0	86.6668	0.123602	0.0983182
	0	80.0002	0.123702	0.0984091
	0	73.3336	0.123802	0.0984924
	0	66.667	0.123902	0.0985682
	0	60.0004	0.124002	0.0986363
	0	53.3338	0.124102	0.0986969
	0	46.6672	0.124202	0.09875
	0	40.0006	0.124302	0.0987954
	1	33.334	0.124402	0.0988333
	1	40	0.124502	0.0988787
	1	46.6666	0.124602	0.0989318
	1	53.3332	0.124702	0.0989924
	1	59.9998	0.124802	0.0990606
	1	66.6664	0.124902	0.0991363
	1	73.333	0.125002	0.0992197
	1	79.9996	0.125102	0.0993106
	1	86.6662	0.125202	0.0994091
	1	93.3328	0.125302	0.0995151
	1	99.9994	0.125402	0.0996288
	0	106.666	0.125502	0.09975
	0	100	0.125602	0.0998636
	0	93.3334	0.125702	0.0999697
	0	86.6668	0.125802	0.100068
	0	80.0002	0.125902	0.100159
	0	73.3336	0.126002	0.100242
	0	66.667	0.126102	0.100318
	0	60.0004	0.126202	0.100386
	0	53.3338	0.126302	0.100447
	0	46.6672	0.126402	0.1005
	0	40.0006	0.126502	0.100545
	1	33.334	0.126602	0.100583
	1	40	0.126702	0.100629
	1	46.6666	0.126802	0.100682
	1	53.3332	0.126902	0.100742
	1	59.9998	0.127002	0.100811
	1	66.6664	0.127102	0.100886
	1	73.333	0.127202	0.10097
	1	79.9996	0.127302	0.101061
	1	86.6662	0.127402	0.101159
	1	93.3328	0.127502	0.101265
	1	99.9994	0.127602	0.101379
	0	106.666	0.127702	0.1015
	0	100	0.127802	0.101614
	0	93.3334	0.127902	0.10172
	0	86.6668	0.128002	0.101818
	0	80.0002	0.128102	0.101909
	0	73.3336	0.128202	0.101992
	0	66.667	0.128302	0.102068
	0	60.0004	0.128402	0.102136
	0	53.3338	0.128502	0.102197
	0	46.6672	0.128602	0.10225
	0	40.0006	0.128702	0.102295
	1	33.334	0.128802	0.102333
	1	40	0.128902	0.102379
	1	46.6666	0.129002	0.102432
	1	53.3332	0.129102	0.102492
	1	59.9998	0.129202	0.102561
	1	66.6664	0.129302	0.102636
	1	73.333	0.129402	0.10272
	1	79.9996	0.129502	0.102811
	1	86.6662	0.129602	0.102909
	1	93.3328	0.129702	0.103015
	1	99.9994	0.129802	0.103129
	0	106.666	0.129902	0.10325
	0	100	0.130002	0.103364
	0	93.3334	0.130102	0.10347
	0	86.6668	0.130202	0.103568
	0	80.0002	0.130302	0.103659
	0	73.3336	0.130402	0.103742
	0	66.667	0.130502	0.103818
	0	60.0004	0.130602	0.103886
	0	53.3338	0.130702	0.103947
	0	46.6672	0.130802	0.104
	0	40.0006	0.130902	0.104045
	1	33.334	0.131002	0.104083
	1	40	0.131102	0.104129
	1	46.6666	0.131202	0.104182
	1	53.3332	0.131302	0.104242
	1	59.9998	0.131402	0.104311
	1	66.6664	0.131502	0.104386
	1	73.333	0.131602	0.10447
	1	79.9996	0.131702	0.104561
	1	86.6662	0.131802	0.104659
	1	93.3328	0.131902	0.104765
	1	99.9994	0.132002	0.104879
	0	106.666	0.132102	0.105
	0	100	0.132202	0.105114
	0	93.3334	0.132302	0.10522
	0	86.6668	0.132402	0.105318
	0	80.0002	0.132502	0.105409
	0	73.3336	0.132602	0.105492
	0	66.667	0.132702	0.105568
	0	60.0004	0.132802	0.105636
	0	53.3338	0.132902	0.105697
	0	46.6672	0.133002	0.10575
	0	40.0006	0.133102	0.105795
	1	33.334	0.133202	0.105833
	1	40	0.133302	0.105879
	1	46.6666	0.133402	0.105932
	1	53.3332	0.133502	0.105992
	1	59.9998	0.133602	0.106061
	1	66.6664	0.133702	0.106136
	1	73.333	0.133802	0.10622
	1	79.9996	0.133902	0.106311
	1	86.6662	0.134002	0.106409
	1	93.3328	0.134102	0.106515
	1	99.9994	0.134202	0.106629
	0	106.666	0.134302	0.10675
	0	100	0.134402	0.106864
	0	93.3334	0.134502	0.10697
	0	86.6668	0.134602	0.107068
	0	80.0002	0.134702	0.107159
	0	73.3336	0.134802	0.107242
	0	66.667	0.134902	0.107318
	0	60.0004	0.135002	0.107386
	0	53.3338	0.135102	0.107447
	0	46.6672	0.135202	0.1075
	0	40.0006	0.135302	0.107545
	1	33.334	0.135402	0.107583
	1	40	0.135502	0.107629
	1	46.6666	0.135602	0.107682
	1	53.3332	0.135702	0.107742
	1	59.9998	0.135802	0.107811
	1	66.6664	0.135902	0.107886
	1	73.333	0.136002	0.10797
	1	79.9996	0.136102	0.108061
	1	86.6662	0.136202	0.108159
	1	93.3328	0.136302	0.108265
	1	99.9994	0.136402	0.108379
	0	106.666	0.136502	0.1085
	0	100	0.136602	0.108614
	0	93.3334	0.136702	0.10872
	0	86.6668	0.136802	0.108818
	0	80.0002	0.136902	0.108909
	0	73.3336	0.137002	0.108992
	0	66.667	0.137102	0.109068
	0	60.0004	0.137202	0.109136
	0	53.3338	0.137302	0.109197
	0	46.6672	0.137402	0.10925
	0	40.0006	0.137502	0.109295
	1	33.334	0.137602	0.109333
	1	40	0.137702	0.109379
	1	46.6666	0.137802	0.109432
	1	53.3332	0.137902	0.109492
	1	59.9998	0.138002	0.109561
	1	66.6664	0.138102	0.109636
	1	73.333	0.138202	0.10972
	1	79.9996	0.138302	0.109811
	1	86.6662	0.138402	0.109909
	1	93.3328	0.138502	0.110015
	1	99.9994	0.138602	0.110129
	0	106.666	0.138702	0.11025
	0	100	0.138802	0.110364
	0	93.3334	0.138902	0.11047
	0	86.6668	0.139002	0.110568
	0	80.0002	0.139102	0.110659
	0	73.3336	0.139202	0.110742
	0	66.667	0.139302	0.110818
	0	60.0004	0.139402	0.110886
	0	53.3338	0.139502	0.110947
	0	46.6672	0.139602	0.111
	0	40.0006	0.139702	0.111045
	1	33.334	0.139802	0.111083
	1	40	0.139902	0.111129
	1	46.6666	0.140002	0.111182
	1	53.3332	0.140102	0.111242
	1	59.9998	0.140202	0.111311
	1	66.6664	0.140302	0.111386
	1	73.333	0.140402	0.11147
	1	79.9996	0.140502	0.111561
	1	86.6662	0.140602	0.111659
	1	93.3328	0.140702	0.111765
	1	99.9994	0.140802	0.111879
	0	106.666	0.140902	0.112
	0	100	0.141002	0.112114
	0	93.3334	0.141102	0.11222
	0	86.6668	0.141202	0.112318
	0	80.0002	0.141302	0.112409
	0	73.3336	0.141402	0.112492
	0	66.667	0.141502	0.112568
	0	60.0004	0.141602	0.112636
	0	53.3338	0.141702	0.112697
	0	46.6672	0.141802	0.11275
	0	40.0006	0.141902	0.112795
	1	33.334	0.142002	0.112833
	1	40	0.142102	0.112879
	1	46.6666	0.142202	0.112932
	1	53.3332	0.142302	0.112992
	1	59.9998	0.142402	0.113061
	1	66.6664	0.142502	0.113136
	1	73.333	0.142602	0.11322
	1	79.9996	0.142702	0.113311
	1	86.6662	0.142802	0.113409
	1	93.3328	0.142902	0.113515
	1	99.9994	0.143002	0.113629
	0	106.666	0.143102	0.11375
	0	100	0.143202	0.113864
	0	93.3334	0.143302	0.11397
	0	86.6668	0.143402	0.114068
	0	80.0002	0.143502	0.114159
	0	73.3336	0.143602	0.114242
	0	66.667	0.143702	0.114318
	0	60.0004	0.143802	0.114386
	0	53.3338	0.143902	0.114447
	0	46.6672	0.144002	0.1145
	0	40.0006	0.144102	0.114545
	1	33.334	0.144202	0.114583
	1	40	0.144302	0.114629
	1	46.6666	0.144402	0.114682
	1	53.3332	0.144502	0.114742
	1	59.9998	0.144602	0.114811
	1	66.6664	0.144702	0.114886
	1	73.333	0.144802	0.11497
	1	79.9996	0.144902	0.115061
	1	86.6662	0.145002	0.115159
	1	93.3328	0.145102	0.115265
	1	99.9994	0.145202	0.115379
	0	106.666	0.145302	0.1155
	0	100	0.145402	0.115614
	0	93.3334	0.145502	0.11572
	0	86.6668	0.145602	0.115818
	0	80.0002	0.145702	0.115909
	0	73.3336	0.145802	0.115992
	0	66.667	0.145902	0.116068
	0	60.0004	0.146002	0.116136
	0	53.3338	0.146102	0.116197
	0	46.6672	0.146202	0.11625
	0	40.0006	0.146302	0.116295
	1	33.334	0.146402	0.116333
	1	40	0.146502	0.116379
	1	46.6666	0.146602	0.116432
	1	53.3332	0.146702	0.116492
	1	59.9998	0.146802	0.116561
	1	66.6664	0.146902	0.116636
	1	73.333	0.147002	0.11672
	1	79.9996	0.147102	0.116811
	1	86.6662	0.147202	0.116909
	1	93.3328	0.147302	0.117015
	1	99.9994	0.147402	0.117129
	0	106.666	0.147502	0.11725
	0	100	0.147602	0.117364
	0	93.3334	0.147702	0.11747
	0	86.6668	0.147802	0.117568
	0	80.0002	0.147902	0.117659
	0	73.3336	0.148002	0.117742
	0	66.667	0.148102	0.117818
	0	60.0004	0.148202	0.117886
	0	53.3338	0.148302	0.117947
	0	46.6672	0.148402	0.118
	0	40.0006	0.148502	0.118045
	1	33.334	0.148602	0.118083
	1	40	0.148702	0.118129
	1	46.6666	0.148802	0.118182
	1	53.3332	0.148902	0.118242
	1	59.9998	0.149002	0.118311
	1	66.6664	0.149102	0.118386
	1	73.333	0.149202	0.11847
	1	79.9996	0.149302	0.118561
	1	86.6662	0.149402	0.118659
	1	93.3328	0.149502	0.118765
	1	99.9994	0.149602	0.118879
	0	106.666	0.149702	0.119
	0	100	0.149802	0.119114
	0	93.3334	0.149902	0.11922
	0	86.6668	0.150002	0.119318
	0	80.0002	0.150102	0.119409
	0	73.3336	0.150202	0.119492
	0	66.667	0.150302	0.119568
	0	60.0004	0.150402	0.119636
	0	53.3338	0.150502	0.119697
	0	46.6672	0.150602	0.11975
	0	40.0006	0.150702	0.119795
	1	33.334	0.150802	0.119833
	1	40	0.150902	0.119879
	1	46.6666	0.151002	0.119932
	1	53.3332	0.151102	0.119992
	1	59.9998	0.151202	0.120061
	1	66.6664	0.151302	0.120136
	1	73.333	0.151402	0.12022
	1	79.9996	0.151502	0.120311
	1	86.6662	0.151602	0.120409
	1	93.3328	0.151702	0.120515
	1	99.9994	0.151802	0.120629
	0	106.666	0.151902	0.12075
	0	100	0.152002	0.120864
	0	93.3334	0.152102	0.12097
	0	86.6668	0.152202	0.121068
	0	80.0002	0.152302	0.121159
	0	73.3336	0.152402	0.121242
	0	66.667	0.152502	0.121318
	0	60.0004	0.152602	0.121386
	0	53.3338	0.152702	0.121447
	0	46.6672	0.152802	0.1215
	0	40.0006	0.152902	0.121545
	1	33.334	0.153002	0.121583
	1	40	0.153102	0.121629
	1	46.6666	0.153202	0.121682
	1	53.3332	0.153302	0.121742
	1	59.9998	0.153402	0.121811
	1	66.6664	0.153502	0.121886
	1	73.333	0.153602	0.12197
	1	79.9996	0.153702	0.122061
	1	86.6662	0.153802	0.122159
	1	93.3328	0.153902	0.122265
	1	99.9994	0.154002	0.122379
	0	106.666	0.154102	0.1225
	0	100	0.154202	0.122614
	0	93.3334	0.154302	0.12272
	0	86.6668	0.154402	0.122818
	0	80.0002	0.154502	0.122909
	0	73.3336	0.154602	0.122992
	0	66.667	0.154702	0.123068
	0	60.0004	0.154802	0.123136
	0	53.3338	0.154902	0.123197
	0	46.6672	0.155002	0.12325
	0	40.0006	0.155102	0.123295
	1	33.334	0.155202	0.123333
	1	40	0.155302	0.123379
	1	46.6666	0.155402	0.123432
	1	53.3332	0.155502	0.123492
	1	59.9998	0.155602	0.123561
	1	66.6664	0.155702	0.123636
	1	73.333	0.155802	0.12372
	1	79.9996	0.155902	0.123811
	1	86.6662	0.156002	0.123909
	1	93.3328	0.156102	0.124015
	1	99.9994	0.156202	0.124129
	0	106.666	0.156302	0.12425
	0	100	0.156402	0.124364
	0	93.3334	0.156502	0.12447
	0	86.6668	0.156602	0.124568
	0	80.0002	0.156702	0.124659
	0	73.3336	0.156802	0.124742
	0	66.667	0.156902	0.124818
	0	60.0004	0.157002	0.124886
	0	53.3338	0.157102	0.124947
	0	46.6672	0.157202	0.125
	0	40.0006	0.157302	0.125045
	1	33.334	0.157402	0.125083
	1	40	0.157502	0.125129
	1	46.6666	0.157602	0.125182
	1	53.3332	0.157702	0.125242
	1	59.9998	0.157802	0.125311
	1	66.6664	0.157902	0.125386
	1	73.333	0.158002	0.12547
	1	79.9996	0.158102	0.125561
	1	86.6662	0.158202	0.125659
	1	93.3328	0.158302	0.125765
	1	99.9994	0.158402	0.125879
	0	106.666	0.158502	0.126
	0	100	0.158602	0.126114
	0	93.3334	0.158702	0.12622
	0	86.6668	0.158802	0.126318
	0	80.0002	0.158902	0.126409
	0	73.3336	0.159002	0.126492
	0	66.667	0.159102	0.126568
	0	60.0004	0.159202	0.126636
	0	53.3338	0.159302	0.126697
	0	46.6672	0.159402	0.12675
	0	40.0006	0.159502	0.126795
	1	33.334	0.159602	0.126833
	1	40	0.159702	0.126879
	1	46.6666	0.159802	0.126932
	1	53.3332	0.159902	0.126992
	1	59.9998	0.160002	0.127061
	1	66.6664	0.160102	0.127136
	1	73.333	0.160202	0.12722
	1	79.9996	0.160302	0.127311
	1	86.6662	0.160402	0.127409
	1	93.3328	0.160502	0.127515
	1	99.9994	0.160602	0.127629
	0	106.666	0.160702	0.12775
	0	100	0.160802	0.127864
	0	93.3334	0.160902	0.12797
	0	86.6668	0.161002	0.128068
	0	80.0002	0.161102	0.128159
	0	73.3336	0.161202	0.128242
	0	66.667	0.161302	0.128318
	0	60.0004	0.161402	0.128386
	0	53.3338	0.161502	0.128447
	0	46.6672	0.161602	0.1285
	0	40.0006	0.161702	0.128545
	1	33.334	0.161802	0.128583
	1	40	0.161902	0.128629
	1	46.6666	0.162002	0.128682
	1	53.3332	0.162102	0.128742
	1	59.9998	0.162202	0.128811
	1	66.6664	0.162302	0.128886
	1	73.333	0.162402	0.12897
	1	79.9996	0.162502	0.129061
	1	86.6662	0.162602	0.129159
	1	93.3328	0.162702	0.129265
	1	99.9994	0.162802	0.129379
	0	106.666	0.162902	0.1295
	0	100	0.163002	0.129614
	0	93.3334	0.163102	0.12972
	0	86.6668	0.163202	0.129818
	0	80.0002	0.163302	0.129909
	0	73.3336	0.163402	0.129992
	0	66.667	0.163502	0.130068
	0	60.0004	0.163602	0.130136
	0	53.3338	0.163702	0.130197
	0	46.6672	0.163802	0.13025
	0	40.0006	0.163902	0.130295
	1	33.334	0.164002	0.130333
	1	40	0.164102	0.130379
	1	46.6666	0.164202	0.130432
	1	53.3332	0.164302	0.130492
	1	59.9998	0.164402	0.130561
	1	66.6664	0.164502	0.130636
	1	73.333	0.164602	0.13072
	1	79.9996	0.164702	0.130811
	1	86.6662	0.164802	0.130909
	1	93.3328	0.164902	0.131015
	1	99.9994	0.165002	0.131129
	0	106.666	0.165102	0.13125
	0	100	0.165202	0.131364
	0	93.3334	0.165302	0.13147
	0	86.6668	0.165402	0.131568
	0	80.0002	0.165502	0.131659
	0	73.3336	0.165602	0.131742
	0	66.667	0.165702	0.131818
	0	60.0004	0.165802	0.131886
	0	53.3338	0.165902	0.131947
	0	46.6672	0.166002	0.132
	0	40.0006	0.166102	0.132045
	1	33.334	0.166202	0.132083
	1	40	0.166302	0.132129
	1	46.6666	0.166402	0.132182
	1	53.3332	0.166502	0.132242
	1	59.9998	0.166602	0.132311
	1	66.6664	0.166702	0.132386
	1	73.333	0.166802	0.13247
	1	79.9996	0.166902	0.132561
	1	86.6662	0.167002	0.132659
	1	93.3328	0.167102	0.132765
	1	99.9994	0.167202	0.132879
	0	106.666	0.167302	0.133
	0	100	0.167402	0.133114
	0	93.3334	0.167502	0.13322
	0	86.6668	0.167602	0.133318
	0	80.0002	0.167702	0.133409
	0	73.3336	0.167802	0.133492
	0	66.667	0.167902	0.133568
	0	60.0004	0.168002	0.133636
	0	53.3338	0.168102	0.133697
	0	46.6672	0.168202	0.13375
	0	40.0006	0.168302	0.133795
	1	33.334	0.168402	0.133833
	1	40	0.168502	0.133879
	1	46.6666	0.168602	0.133932
	1	53.3332	0.168702	0.133992
	1	59.9998	0.168802	0.134061
	1	66.6664	0.168902	0.134136
	1	73.333	0.169002	0.13422
	1	79.9996	0.169102	0.134311
	1	86.6662	0.169202	0.134409
	1	93.3328	0.169302	0.134515
	1	99.9994	0.169402	0.134629
	0	106.666	0.169502	0.13475
	0	100	0.169602	0.134864
	0	93.3334	0.169702	0.13497
	0	86.6668	0.169802	0.135068
	0	80.0002	0.169902	0.135159
	0	73.3336	0.170002	0.135242
	0	66.667	0.170102	0.135318
	0	60.0004	0.170202	0.135386
	0	53.3338	0.170302	0.135447
	0	46.6672	0.170402	0.1355
	0	40.0006	0.170502	0.135545
	1	33.334	0.170602	0.135583
	1	40	0.170702	0.135629
	1	46.6666	0.170802	0.135682
	1	53.3332	0.170902	0.135742
	1	59.9998	0.171002	0.135811
	1	66.6664	0.171102	0.135886
	1	73.333	0.171202	0.13597
	1	79.9996	0.171302	0.136061
	1	86.6662	0.171402	0.136159
	1	93.3328	0.171502	0.136265
	1	99.9994	0.171602	0.136379
	0	106.666	0.171702	0.1365
	0	100	0.171802	0.136614
	0	93.3334	0.171902	0.13672
	0	86.6668	0.172002	0.136818
	0	80.0002	0.172102	0.136909
	0	73.3336	0.172202	0.136992
	0	66.667	0.172302	0.137068
	0	60.0004	0.172402	0.137136
	0	53.3338	0.172502	0.137197
	0	46.6672	0.172602	0.13725
	0	40.0006	0.172702	0.137295
	1	33.334	0.172802	0.137333
	1	40	0.172902	0.137379
	1	46.6666	0.173002	0.137432
	1	53.3332	0.173102	0.137492
	1	59.9998	0.173202	0.137561
	1	66.6664	0.173302	0.137636
	1	73.333	0.173402	0.13772
	1	79.9996	0.173502	0.137811
	1	86.6662	0.173602	0.137909
	1	93.3328	0.173702	0.138015
	1	99.9994	0.173802	0.138129
	0	106.666	0.173902	0.13825
	0	100	0.174002	0.138364
	0	93.3334	0.174102	0.13847
	0	86.6668	0.174202	0.138568
	0	80.0002	0.174302	0.138659
	0	73.3336	0.174402	0.138742
	0	66.667	0.174502	0.138818
	0	60.0004	0.174602	0.138886
	0	53.3338	0.174702	0.138947
	0	46.6672	0.174802	0.139
	0	40.0006	0.174902	0.139045
	1	33.334	0.175002	0.139083
	1	40	0.175102	0.139129
	1	46.6666	0.175202	0.139182
	1	53.3332	0.175302	0.139242
	1	59.9998	0.175402	0.139311
	1	66.6664	0.175502	0.139386
	1	73.333	0.175602	0.13947
	1	79.9996	0.175702	0.139561
	1	86.6662	0.175802	0.139659
	1	93.3328	0.175902	0.139765
	1	99.9994	0.176002	0.139879
	0	106.666	0.176102	0.14
	0	100	0.176202	0.140114
	0	93.3334	0.176302	0.14022
	0	86.6668	0.176402	0.140318
	0	80.0002	0.176502	0.140409
	0	73.3336	0.176602	0.140492
	0	66.667	0.176702	0.140568
	0	60.0004	0.176802	0.140636
	0	53.3338	0.176902	0.140697
	0	46.6672	0.177002	0.14075
	0	40.0006	0.177102	0.140795
	1	33.334	0.177202	0.140833
	1	40	0.177302	0.140879
	1	46.6666	0.177402	0.140932
	1	53.3332	0.177502	0.140992
	1	59.9998	0.177602	0.141061
	1	66.6664	0.177702	0.141136
	1	73.333	0.177802	0.14122
	1	79.9996	0.177902	0.141311
	1	86.6662	0.178002	0.141409
	1	93.3328	0.178102	0.141515
	1	99.9994	0.178202	0.141629
	0	106.666	0.178302	0.14175
	0	100	0.178402	0.141864
	0	93.3334	0.178502	0.14197
	0	86.6668	0.178602	0.142068
	0	80.0002	0.178702	0.142159
	0	73.3336	0.178802	0.142242
	0	66.667	0.178902	0.142318
	0	60.0004	0.179002	0.142386
	0	53.3338	0.179102	0.142447
	0	46.6672	0.179202	0.1425
	0	40.0006	0.179302	0.142546
	1	33.334	0.179402	0.142583
	1	40	0.179502	0.142629
	1	46.6666	0.179602	0.142682
	1	53.3332	0.179702	0.142742
	1	59.9998	0.179802	0.142811
	1	66.6664	0.179902	0.142886
	1	73.333	0.180002	0.14297
	1	79.9996	0.180102	0.143061
	1	86.6662	0.180202	0.143159
	1	93.3328	0.180302	0.143265
	1	99.9994	0.180402	0.143379
	0	106.666	0.180502	0.1435
	0	100	0.180602	0.143614
	0	93.3334	0.180702	0.14372
	0	86.6668	0.180802	0.143818
	0	80.0002	0.180902	0.143909
	0	73.3336	0.181002	0.143992
	0	66.667	0.181102	0.144068
	0	60.0004	0.181202	0.144136
	0	53.3338	0.181302	0.144197
	0	46.6672	0.181402	0.14425
	0	40.0006	0.181502	0.144296
	1	33.334	0.181602	0.144333
	1	40	0.181702	0.144379
	1	46.6666	0.181802	0.144432
	1	53.3332	0.181902	0.144492
	1	59.9998	0.182002	0.144561
	1	66.6664	0.182103	0.144636
	1	73.333	0.182203	0.14472
	1	79.9996	0.182303	0.144811
	1	86.6662	0.182403	0.144909
	1	93.3328	0.182503	0.145015
	1	99.9994	0.182603	0.145129
	0	106.666	0.182703	0.14525
	0	100	0.182803	0.145364
	0	93.3334	0.182903	0.14547
	0	86.6668	0.183003	0.145568
	0	80.0002	0.183103	0.145659
	0	73.3336	0.183203	0.145742
	0	66.667	0.183303	0.145818
	0	60.0004	0.183403	0.145886
	0	53.3338	0.183503	0.145947
	0	46.6672	0.183603	0.146
	0	40.0006	0.183703	0.146046
	1	33.334	0.183803	0.146083
	1	40	0.183903	0.146129
	1	46.6666	0.184003	0.146182
	1	53.3332	0.184103	0.146242
	1	59.9998	0.184203	0.146311
	1	66.6664	0.184303	0.146386
	1	73.333	0.184403	0.14647
	1	79.9996	0.184503	0.146561
	1	86.6662	0.184603	0.146659
	1	93.3328	0.184703	0.146765
	1	99.9994	0.184803	0.146879
	0	106.666	0.184903	0.147
	0	100	0.185003	0.147114
	0	93.3334	0.185103	0.14722
	0	86.6668	0.185203	0.147318
	0	80.0002	0.185303	0.147409
	0	73.3336	0.185403	0.147492
	0	66.667	0.185503	0.147568
	0	60.0004	0.185603	0.147636
	0	53.3338	0.185703	0.147697
	0	46.6672	0.185803	0.14775
	0	40.0006	0.185903	0.147796
	1	33.334	0.186003	0.147833
	1	40	0.186103	0.147879
	1	46.6666	0.186203	0.147932
	1	53.3332	0.186303	0.147992
	1	59.9998	0.186403	0.148061
	1	66.6664	0.186503	0.148136
	1	73.333	0.186603	0.14822
	1	79.9996	0.186703	0.148311
	1	86.6662	0.186803	0.148409
	1	93.3328	0.186903	0.148515
	1	99.9994	0.187003	0.148629
	0	106.666	0.187103	0.14875
	0	100	0.187203	0.148864
	0	93.3334	0.187303	0.14897
	0	86.6668	0.187403	0.149068
	0	80.0002	0.187503	0.149159
	0	73.3336	0.187603	0.149243
	0	66.667	0.187703	0.149318
	0	60.0004	0.187803	0.149386
	0	53.3338	0.187903	0.149447
	0	46.6672	0.188003	0.1495
	0	40.0006	0.188103	0.149546
	1	33.334	0.188203	0.149583
	1	40	0.188303	0.149629
	1	46.6666	0.188403	0.149682
	1	53.3332	0.188503	0.149742
	1	59.9998	0.188603	0.149811
	1	66.6664	0.188703	0.149886
	1	73.333	0.188803	0.14997
	1	79.9996	0.188903	0.150061
	1	86.6662	0.189003	0.150159
	1	93.3328	0.189103	0.150265
	1	99.9994	0.189203	0.150379
	0	106.666	0.189303	0.1505
	0	100	0.189403	0.150614
	0	93.3334	0.189503	0.15072
	0	86.6668	0.189603	0.150818
	0	80.0002	0.189703	0.150909
	0	73.3336	0.189803	0.150992
	0	66.667	0.189903	0.151068
	0	60.0004	0.190003	0.151136
	0	53.3338	0.190103	0.151197
	0	46.6672	0.190203	0.15125
	0	40.0006	0.190303	0.151296
	1	33.334	0.190403	0.151333
	1	40	0.190503	0.151379
	1	46.6666	0.190603	0.151432
	1	53.3332	0.190703	0.151492
	1	59.9998	0.190803	0.151561
	1	66.6664	0.190903	0.151636
	1	73.333	0.191003	0.15172
	1	79.9996	0.191103	0.151811
	1	86.6662	0.191203	0.151909
	1	93.3328	0.191303	0.152015
	1	99.9994	0.191403	0.152129
	0	106.666	0.191503	0.15225
	0	100	0.191603	0.152364
	0	93.3334	0.191703	0.15247
	0	86.6668	0.191803	0.152568
	0	80.0002	0.191903	0.152659
	0	73.3336	0.192003	0.152743
	0	66.667	0.192103	0.152818
	0	60.0004	0.192203	0.152886
	0	53.3338	0.192303	0.152947
	0	46.6672	0.192403	0.153
	0	40.0006	0.192503	0.153046
	1	33.334	0.192603	0.153083
	1	40	0.192703	0.153129
	1	46.6666	0.192803	0.153182
	1	53.3332	0.192903	0.153242
	1	59.9998	0.193003	0.153311
	1	66.6664	0.193103	0.153386
	1	73.333	0.193203	0.15347
	1	79.9996	0.193303	0.153561
	1	86.6662	0.193403	0.153659
	1	93.3328	0.193503	0.153765
	1	99.9994	0.193603	0.153879
	0	106.666	0.193703	0.154
	0	100	0.193803	0.154114
	0	93.3334	0.193903	0.15422
	0	86.6668	0.194003	0.154318
	0	80.0002	0.194103	0.154409
	0	73.3336	0.194203	0.154493
	0	66.667	0.194303	0.154568
	0	60.0004	0.194403	0.154636
	0	53.3338	0.194503	0.154697
	0	46.6672	0.194603	0.15475
	0	40.0006	0.194703	0.154796
	1	33.334	0.194803	0.154833
	1	40	0.194903	0.154879
	1	46.6666	0.195003	0.154932
	1	53.3332	0.195103	0.154992
	1	59.9998	0.195203	0.155061
	1	66.6664	0.195303	0.155136
	1	73.333	0.195403	0.15522
	1	79.9996	0.195503	0.155311
	1	86.6662	0.195603	0.155409
	1	93.3328	0.195703	0.155515
	1	99.9994	0.195803	0.155629
	0	106.666	0.195903	0.15575
	0	100	0.196003	0.155864
	0	93.3334	0.196103	0.15597
	0	86.6668	0.196203	0.156068
	0	80.0002	0.196303	0.156159
	0	73.3336	0.196403	0.156243
	0	66.667	0.196503	0.156318
	0	60.0004	0.196603	0.156386
	0	53.3338	0.196703	0.156447
	0	46.6672	0.196803	0.1565
	0	40.0006	0.196903	0.156546
	1	33.334	0.197003	0.156583
	1	40	0.197103	0.156629
	1	46.6666	0.197203	0.156682
	1	53.3332	0.197303	0.156742
	1	59.9998	0.197403	0.156811
	1	66.6664	0.197503	0.156886
	1	73.333	0.197603	0.15697
	1	79.9996	0.197703	0.157061
	1	86.6662	0.197803	0.157159
	1	93.3328	0.197903	0.157265
	1	99.9994	0.198003	0.157379
	0	106.666	0.198103	0.1575
	0	100	0.198203	0.157614
	0	93.3334	0.198303	0.15772
	0	86.6668	0.198403	0.157818
	0	80.0002	0.198503	0.157909
	0	73.3336	0.198603	0.157993
	0	66.667	0.198703	0.158068
	0	60.0004	0.198803	0.158136
	0	53.3338	0.198903	0.158197
	0	46.6672	0.199003	0.15825
	0	40.0006	0.199103	0.158296
	1	33.334	0.199203	0.158333
	1	40	0.199303	0.158379
	1	46.6666	0.199403	0.158432
	1	53.3332	0.199503	0.158492
	1	59.9998	0.199603	0.158561
	1	66.6664	0.199703	0.158636
	1	73.333	0.199803	0.15872
	1	79.9996	0.199903	0.158811
	1	86.6662	0.200003	0.158909
	1	93.3328	0.200103	0.159015
	1	99.9994	0.200203	0.159129
	0	106.666	0.200303	0.15925
	0	100	0.200403	0.159364
	0	93.3334	0.200503	0.15947
	0	86.6668	0.200603	0.159568
	0	80.0002	0.200703	0.159659
	0	73.3336	0.200803	0.159743
	0	66.667	0.200903	0.159818
	0	60.0004	0.201003	0.159886
	0	53.3338	0.201103	0.159947
	0	46.6672	0.201203	0.16
	0	40.0006	0.201303	0.160046
	1	33.334	0.201403	0.160083
	1	40	0.201503	0.160129
	1	46.6666	0.201603	0.160182
	1	53.3332	0.201703	0.160242
	1	59.9998	0.201803	0.160311
	1	66.6664	0.201903	0.160386
	1	73.333	0.202003	0.16047
	1	79.9996	0.202103	0.160561
	1	86.6662	0.202203	0.160659
	1	93.3328	0.202303	0.160765
	1	99.9994	0.202403	0.160879
	0	106.666	0.202503	0.161
	0	100	0.202603	0.161114
	0	93.3334	0.202703	0.16122
	0	86.6668	0.202803	0.161318
	0	80.0002	0.202903	0.161409
	0	73.3336	0.203003	0.161493
	0	66.667	0.203103	0.161568
	0	60.0004	0.203203	0.161636
	0	53.3338	0.203303	0.161697
	0	46.6672	0.203403	0.16175
	0	40.0006	0.203503	0.161796
	1	33.334	0.203603	0.161833
	1	40	0.203703	0.161879
	1	46.6666	0.203803	0.161932
	1	53.3332	0.203903	0.161992
	1	59.9998	0.204003	0.162061
	1	66.6664	0.204103	0.162136
	1	73.333	0.204203	0.16222
	1	79.9996	0.204303	0.162311
	1	86.6662	0.204403	0.162409
	1	93.3328	0.204503	0.162515
	1	99.9994	0.204603	0.162629
	0	106.666	0.204703	0.16275
	0	100	0.204803	0.162864
	0	93.3334	0.204903	0.16297
	0	86.6668	0.205003	0.163068
	0	80.0002	0.205103	0.163159
	0	73.3336	0.205203	0.163243
	0	66.667	0.205303	0.163318
	0	60.0004	0.205403	0.163386
	0	53.3338	0.205503	0.163447
	0	46.6672	0.205603	0.1635
	0	40.0006	0.205703	0.163546
	1	33.334	0.205803	0.163583
	1	40	0.205903	0.163629
	1	46.6666	0.206003	0.163682
	1	53.3332	0.206103	0.163742
	1	59.9998	0.206203	0.163811
	1	66.6664	0.206303	0.163886
	1	73.333	0.206403	0.16397
	1	79.9996	0.206503	0.164061
	1	86.6662	0.206603	0.164159
	1	93.3328	0.206703	0.164265
	1	99.9994	0.206803	0.164379
	0	106.666	0.206903	0.1645
	0	100	0.207003	0.164614
	0	93.3334	0.207103	0.16472
	0	86.6668	0.207203	0.164818
	0	80.0002	0.207303	0.164909
	0	73.3336	0.207403	0.164993
	0	66.667	0.207503	0.165068
	0	60.0004	0.207603	0.165136
	0	53.3338	0.207703	0.165197
	0	46.6672	0.207803	0.16525
	0	40.0006	0.207903	0.165296
	1	33.334	0.208003	0.165333
	1	40	0.208103	0.165379
	1	46.6666	0.208203	0.165432
	1	53.3332	0.208303	0.165493
	1	59.9998	0.208403	0.165561
	1	66.6664	0.208503	0.165636
	1	73.333	0.208603	0.16572
	1	79.9996	0.208703	0.165811
	1	86.6662	0.208803	0.165909
	1	93.3328	0.208903	0.166015
	1	99.9994	0.209003	0.166129
	0	106.666	0.209103	0.16625
	0	100	0.209203	0.166364
	0	93.3334	0.209303	0.16647
	0	86.6668	0.209403	0.166568
	0	80.0002	0.209503	0.166659
	0	73.3336	0.209603	0.166743
	0	66.667	0.209703	0.166818
	0	60.0004	0.209803	0.166886
	0	53.3338	0.209903	0.166947
	0	46.6672	0.210003	0.167
	0	40.0006	0.210103	0.167046
	1	33.334	0.210203	0.167083
	1	40	0.210303	0.167129
	1	46.6666	0.210403	0.167182
	1	53.3332	0.210503	0.167243
	1	59.9998	0.210603	0.167311
	1	66.6664	0.210703	0.167386
	1	73.333	0.210803	0.16747
	1	79.9996	0.210903	0.167561
	1	86.6662	0.211003	0.167659
	1	93.3328	0.211103	0.167765
	1	99.9994	0.211203	0.167879
	0	106.666	0.211303	0.168
	0	100	0.211403	0.168114
	0	93.3334	0.211503	0.16822
	0	86.6668	0.211603	0.168318
	0	80.0002	0.211703	0.168409
	0	73.3336	0.211803	0.168493
	0	66.667	0.211903	0.168568
	0	60.0004	0.212003	0.168636
	0	53.3338	0.212103	0.168697
	0	46.6672	0.212203	0.16875
	0	40.0006	0.212303	0.168796
	1	33.334	0.212403	0.168833
	1	40	0.212503	0.168879
	1	46.6666	0.212603	0.168932
	1	53.3332	0.212703	0.168993
	1	59.9998	0.212803	0.169061
	1	66.6664	0.212903	0.169136
	1	73.333	0.213003	0.16922
	1	79.9996	0.213103	0.169311
	1	86.6662	0.213203	0.169409
	1	93.3328	0.213303	0.169515
	1	99.9994	0.213403	0.169629
	0	106.666	0.213503	0.16975
	0	100	0.213603	0.169864
	0	93.3334	0.213703	0.16997
	0	86.6668	0.213803	0.170068
	0	80.0002	0.213903	0.170159
	0	73.3336	0.214003	0.170243
	0	66.667	0.214103	0.170318
	0	60.0004	0.214203	0.170386
	0	53.3338	0.214303	0.170447
	0	46.6672	0.214403	0.1705
	0	40.0006	0.214503	0.170546
	1	33.334	0.214603	0.170583
	1	40	0.214703	0.170629
	1	46.6666	0.214803	0.170682
	1	53.3332	0.214903	0.170743
	1	59.9998	0.215003	0.170811
	1	66.6664	0.215103	0.170886
	1	73.333	0.215203	0.17097
	1	79.9996	0.215303	0.171061
	1	86.6662	0.215403	0.171159
	1	93.3328	0.215503	0.171265
	1	99.9994	0.215603	0.171379
	0	106.666	0.215703	0.1715
	0	100	0.215803	0.171614
	0	93.3334	0.215903	0.17172
	0	86.6668	0.216003	0.171818
	0	80.0002	0.216103	0.171909
	0	73.3336	0.216203	0.171993
	0	66.667	0.216303	0.172068
	0	60.0004	0.216403	0.172136
	0	53.3338	0.216503	0.172197
	0	46.6672	0.216603	0.17225
	0	40.0006	0.216703	0.172296
	1	33.334	0.216803	0.172333
	1	40	0.216903	0.172379
	1	46.6666	0.217003	0.172432
	1	53.3332	0.217103	0.172493
	1	59.9998	0.217203	0.172561
	1	66.6664	0.217303	0.172636
	1	73.333	0.217403	0.17272
	1	79.9996	0.217503	0.172811
	1	86.6662	0.217603	0.172909
	1	93.3328	0.217703	0.173015
	1	99.9994	0.217803	0.173129
	0	106.666	0.217903	0.17325
	0	100	0.218003	0.173364
	0	93.3334	0.218103	0.17347
	0	86.6668	0.218203	0.173568
	0	80.0002	0.218303	0.173659
	0	73.3336	0.218403	0.173743
	0	66.667	0.218503	0.173818
	0	60.0004	0.218603	0.173886
	0	53.3338	0.218703	0.173947
	0	46.6672	0.218803	0.174
	0	40.0006	0.218903	0.174046
	1	33.334	0.219003	0.174083
	1	40	0.219103	0.174129
	1	46.6666	0.219203	0.174182
	1	53.3332	0.219303	0.174243
	1	59.9998	0.219403	0.174311
	1	66.6664	0.219503	0.174386
	1	73.333	0.219603	0.17447
	1	79.9996	0.219703	0.174561
	1	86.6662	0.219803	0.174659
	1	93.3328	0.219903	0.174765
	1	99.9994	0.220003	0.174879
	0	106.666	0.220103	0.175
	0	100	0.220203	0.175114
	0	93.3334	0.220303	0.17522
	0	86.6668	0.220403	0.175318
	0	80.0002	0.220503	0.175409
	0	73.3336	0.220603	0.175493
	0	66.667	0.220703	0.175568
	0	60.0004	0.220803	0.175636
	0	53.3338	0.220903	0.175697
	0	46.6672	0.221003	0.17575
	0	40.0006	0.221103	0.175796
	1	33.334	0.221203	0.175833
	1	40	0.221303	0.175879
	1	46.6666	0.221403	0.175932
	1	53.3332	0.221503	0.175993
	1	59.9998	0.221603	0.176061
	1	66.6664	0.221703	0.176136
	1	73.333	0.221803	0.17622
	1	79.9996	0.221903	0.176311
	1	86.6662	0.222003	0.176409
	1	93.3328	0.222103	0.176515
	1	99.9994	0.222203	0.176629
	0	106.666	0.222303	0.17675
	0	100	0.222403	0.176864
	0	93.3334	0.222503	0.17697
	0	86.6668	0.222603	0.177068
	0	80.0002	0.222703	0.177159
	0	73.3336	0.222803	0.177243
	0	66.667	0.222903	0.177318
	0	60.0004	0.223003	0.177386
	0	53.3338	0.223103	0.177447
	0	46.6672	0.223203	0.1775
	0	40.0006	0.223303	0.177546
	1	33.334	0.223403	0.177583
	1	40	0.223503	0.177629
	1	46.6666	0.223603	0.177682
	1	53.3332	0.223703	0.177743
	1	59.9998	0.223803	0.177811
	1	66.6664	0.223903	0.177886
	1	73.333	0.224003	0.17797
	1	79.9996	0.224103	0.178061
	1	86.6662	0.224203	0.178159
	1	93.3328	0.224303	0.178265
	1	99.9994	0.224403	0.178379
	0	106.666	0.224503	0.1785
	0	100	0.224603	0.178614
	0	93.3334	0.224703	0.17872
	0	86.6668	0.224803	0.178818
	0	80.0002	0.224903	0.178909
	0	73.3336	0.225003	0.178993
	0	66.667	0.225103	0.179068
	0	60.0004	0.225203	0.179136
	0	53.3338	0.225303	0.179197
	0	46.6672	0.225403	0.17925
	0	40.0006	0.225503	0.179296
	1	33.334	0.225603	0.179333
	1	40	0.225703	0.179379
	1	46.6666	0.225803	0.179432
	1	53.3332	0.225903	0.179493
	1	59.9998	0.226003	0.179561
	1	66.6664	0.226103	0.179636
	1	73.333	0.226203	0.17972
	1	79.9996	0.226303	0.179811
	1	86.6662	0.226403	0.179909
	1	93.3328	0.226503	0.180015
	1	99.9994	0.226603	0.180129
	0	106.666	0.226703	0.18025
	0	100	0.226803	0.180364
	0	93.3334	0.226903	0.18047
	0	86.6668	0.227003	0.180568
	0	80.0002	0.227103	0.180659
	0	73.3336	0.227203	0.180743
	0	66.667	0.227303	0.180818
	0	60.0004	0.227403	0.180886
	0	53.3338	0.227503	0.180947
	0	46.6672	0.227603	0.181
	0	40.0006	0.227703	0.181046
	1	33.334	0.227803	0.181083
	1	40	0.227903	0.181129
	1	46.6666	0.228003	0.181182
	1	53.3332	0.228103	0.181243
	1	59.9998	0.228203	0.181311
	1	66.6664	0.228303	0.181386
	1	73.333	0.228403	0.18147
	1	79.9996	0.228503	0.181561
	1	86.6662	0.228603	0.181659
	1	93.3328	0.228703	0.181765
	1	99.9994	0.228803	0.181879
	0	106.666	0.228903	0.182
	0	100	0.229003	0.182114
	0	93.3334	0.229103	0.18222
	0	86.6668	0.229203	0.182318
	0	80.0002	0.229303	0.182409
	0	73.3336	0.229403	0.182493
	0	66.667	0.229503	0.182568
	0	60.0004	0.229603	0.182636
	0	53.3338	0.229703	0.182697
	0	46.6672	0.229803	0.18275
	0	40.0006	0.229903	0.182796
	1	33.334	0.230003	0.182833
	1	40	0.230103	0.182879
	1	46.6666	0.230203	0.182932
	1	53.3332	0.230303	0.182993
	1	59.9998	0.230403	0.183061
